98633794 15519544
98633794 24919888
98633794 467259963
98633794 22981384
98633794 61559439
98633794 183672041
98633794 238285207
98633794 14208982
98633794 178678731
98633794 14836915
98633794 363114113
98633794 19199673
98633794 4620451
98633794 2569261
98633794 130340054
98633794 39804374
98633794 258486536
98633794 14749606
98633794 17019535
98633794 26541422
98633794 16949066
98633794 46220856
98633794 18746273
98633794 334735103
98633794 104980886
98633794 9631832
98633794 344058266
98633794 14650791
98633794 123028422
98633794 14062526
98633794 62581962
98633794 16151999
98633794 183814521
98633794 52863597
98633794 16309106
98633794 15661871
98633794 203654782
98633794 233582757
98633794 34554134
98633794 39553366
98633794 12514272
98633794 14148364
98633794 337886919
98633794 173116059
98633794 785347
98633794 34743251
98633794 16637549
98633794 42793960
98633794 290876018
98633794 11197712
98633794 86070159
98633794 15165502
98633794 91409081
98633794 50393960
98633794 14458660
98633794 82453323
98633794 15919988
98633794 26853548
98633794 5408852
98633794 14757212
98633794 11268812
98633794 814304
98633794 18910937
98633794 95462229
98633794 1183041
98633794 16217923
98633794 266464616
98633794 108412404
98633794 28438034
98633794 43288017
98633794 22139698
98633794 127292839
98633794 257203110
98633794 14982575
98633794 128097824
98633794 16009851
98633794 115151772
98633794 66793282
98633794 52768208
98633794 21436960
98633794 14944532
98633794 104989762
98633794 19766517
98633794 102436604
98801140 35432131
98801140 100742942
98801140 98582376
98801140 100594239
98801140 99847264
98801140 100873813
98801140 100857258
98801140 104883575
98801140 100946848
98801140 99943653
98801140 104885715
98801140 27475761
98801140 3829151
99841247 49037471
99841247 196429355
99841247 134894667
99841247 75829996
99841247 56783491
99841247 39689218
99841247 142875215
99841247 75607671
99841247 100318079
99841247 59953940
99841247 46941766
99841247 44312605
99841247 127625661
99841247 40550544
99841247 158901032
99841247 179167773
99841247 137772184
99841247 195475105
99841247 63503127
99841247 56222976
99841247 165153568
99841247 210072500
99841247 385587514
99841247 51127849
99841247 362077620
99841247 317967511
99841247 22462180
99841247 162157731
99841247 178852084
99841247 227135786
99841247 123415164
99841247 44473103
99841247 145753894
99841247 42741462
99841247 187773078
99841247 93641182
99841247 148062502
99841247 63784655
99841247 319086368
99841247 193076197
99841247 137117427
99841247 165498547
99841247 263838766
99841247 8088112
99841247 375388624
99841247 277142399
99841247 206918348
99841247 238260874
99841247 34428380
99841247 316736588
99841247 21580263
99841247 150319193
99841247 124563980
99841247 40981798
99841247 43003845
99841247 61497784
99841247 28016093
99841247 218640513
99841247 336218834
99841247 40858764
99841247 48108211
99841247 251925073
99841247 142376744
99841247 310687757
99841247 407259902
99841247 146229554
99841247 240895600
99841247 250733287
99841247 74603580
99841247 192264695
99841247 360914929
99841247 148563360
99841247 233997518
99841247 394263193
